666,687
291,304
351,381
164,186
38,40
30,31
31,33
23,24
66,77
21,22
16,16
14,14
22,24
97,118
21,23
17,18
13,13
13,13
12,12
42,50
26,30
14,15
10,10
27,32
20,23
20,23
13,14
13,14
9,9
15,17
8,8
8,8
9,9
7,7
7,7
7,7
7,7
10,11
7,7
6,6
6,6
8,9
8,9
5,5
5,5
5,5
5,5
8,9
5,5
5,5
5,5
5,5
5,5
10,12
7,8
5,5
4,4
4,4
4,4
4,4
9,11
4,4
4,4
4,4
5,5
4,4
4,4
6,7
4,4
4,4
49,67
4,4
4,4
8,10
4,4
4,4
3,3
3,3
3,3
3,3
3,3
3,3
3,3
3,3
3,3
3,3
3,3
4,4
3,3
9,10
3,3
3,3
3,3
5,6
3,3
3,3
3,3
3,3
3,3
3,3
3,3
3,3
3,3
3,3
3,3
3,3
5,6
3,3
3,3
5,6
2,2
2,2
2,2
2,2
2,2
2,2
2,2
2,2
2,2
2,2
2,2
7,9
3,3
2,2
2,2
3,3
2,2
2,2
2,2
2,2
2,2
2,2
2,2
3,3
4,5
4,5
4,5
4,5
2,2
2,2
4,5
22,31
2,2
5,6
2,2
2,2
2,2
2,2
2,2
6,8
2,2
2,2
2,2
3,3
2,2
2,2
15,21
2,2
2,2
2,2
2,2
2,2
4,5
2,2
14,20
2,2
1,1
1,1
1,1
2,2
1,1
5,7
1,1
1,1
3,4
1,1
5,7
1,1
1,1
1,1
1,1
1,1
1,1
1,1
1,1
1,1
1,1
1,1
1,1
1,1
1,1
3,4
3,4
5,7
1,1
1,1
1,1
1,1
1,1
2,3
2,3
2,3
2,3
2,3
4,6
null,null
1,1
2,3
1,1
null,null
1,1
null,null
null,null
2,3
null,null
null,null
1,1
null,null
null,null
1,1
1,1
2,3
null,null
1,1
null,null
null,null
4,6
2,3
2,3
null,null
1,1
1,1
2,3
null,null
2,3
null,null
2,3
null,null
4,6
null,null
null,null
null,null
null,null
null,null
3,4
null,null
null,null
null,null
1,1
null,null
2,3
null,null
null,null
null,null
2,3
2,3
3,5
null,null
2,3
null,null
2,3
2,3
null,null
null,null
1,2
1,2
1,2
1,2
2,3
null,null
2,3
null,null
null,null
2,3
1,1
1,1
1,2
null,null
null,null
2,3
null,null
1,1
null,null
null,null
1,2
null,null
null,null
null,null
3,5
null,null
2,3
1,2
1,2
1,2
null,null
1,1
null,null
1,2
null,null
1,1
1,2
1,2
null,null
1,2
1,1
null,null
4,7
1,2
4,7
null,null
1,2
3,5
null,null
1,2
1,2
null,null
null,null
1,2
1,2
1,2
1,2
1,2
1,2
null,null
1,2
1,2
null,null
1,2
2,4
1,2
1,2
null,null
2,4
1,2
2,3
2,4
1,2
1,2
1,2
null,null
1,2
0,1
null,null
2,4
null,null
1,2
1,2
1,2
1,2
2,4
1,2
null,null
null,null
1,2
1,2
0,1
null,null
null,null
1,2
1,2
1,2
1,2
0,1
1,2
1,2
1,2
null,null
null,null
1,2
2,4
3,6
3,6
2,4
1,2
1,2
0,1
3,6
1,2
1,2
1,2
0,1
1,2
0,1
2,4
2,4
1,2
1,2
1,2
1,2
1,2
0,1
0,1
0,1
1,2
0,1
1,2
1,2
null,null
null,null
null,null
1,3
3,6
1,2
1,2
1,3
1,3
3,6
0,1
0,1
1,3
1,2
1,3
2,4
2,4
5,9
0,1
2,4
0,1
2,4
0,1
1,3
4,8
2,4
1,3
0,1
1,3
0,1
0,1
2,4
1,3
1,2
2,5
1,3
1,2
0,1
1,3
0,1
0,1
1,2
0,1
0,1
0,1
2,5
1,3
1,2
0,1
0,1
0,1
0,1
1,2
1,3
0,1
0,1
1,3
0,1
1,3
1,3
1,2
0,1
0,1
0,1
0,1
5,10
1,3
0,1
1,3
1,3
0,1
0,1
0,2
1,2
1,3
0,1
0,1
1,3
0,1
0,1
0,1
0,1
0,1
1,3
1,3
0,1
0,1
0,1
0,1
0,1
1,3
0,2
0,1
0,2
1,4
1,4
0,2
0,2
2,6
0,2
0,2
0,2
0,2
1,4
1,3
2,6
2,6
0,2
1,3
0,2
1,3
0,2
0,2
0,2
0,2
9,18
2,6
1,3
2,6
0,2
3,8
0,2
0,2
1,4
0,2
1,4
0,3
0,2
0,2
2,6
0,3
0,3
0,3
0,2
0,2
4,10
0,3
2,7
0,2
0,3
0,3
2,7
2,7
0,4
0,4
0,4
0,5
2,8
1,7
0,5
2,9
0,4
0,5
1,8
3,12
0,7
0,6
0,5
0,6
0,6
0,7
1,9
1,9
0,6
1,9
0,7
2,11
2,12
6,20
0,7
0,7
4,16
0,8
2,13
0,9
0,9
0,9
0,9
1,11
0,9
7,25
0,9
2,14
0,10
0,9
0,10
0,12
3,19
0,11
0,12
1,16
0,15
0,16
4,48
